
Average: 0.03866160681229174
Median: 0.030821917808219176
Median low: 0.030821917808219176
Median high: 0.030821917808219176
Mode: [0.0410958904109589]
